DFJ,instances/5_1.tsp,5,2,16488.0,16488.0,0.0,0.03826498985290527
MTZ,instances/5_1.tsp,5,2,16488.0,16488.0,0.0,0.016705989837646484
Single_Commodity,instances/5_1.tsp,5,2,16488.0,16488.0,0.0,0.003805875778198242
Multi_Commodity,instances/5_1.tsp,5,2,16488.0,16488.0,0.0,0.003793001174926758
Log_Lex,instances/5_1.tsp,5,2,16488.0,16488.0,0.0,0.010380029678344727
DFJ,instances/5_2.tsp,5,2,15743.0,15743.0,0.0,0.002404928207397461
MTZ,instances/5_2.tsp,5,2,15743.0,15743.0,0.0,0.004536867141723633
Single_Commodity,instances/5_2.tsp,5,2,15743.0,15743.0,0.0,0.004949808120727539
Multi_Commodity,instances/5_2.tsp,5,2,15743.0,15743.0,0.0,0.0039010047912597656
Log_Lex,instances/5_2.tsp,5,2,15743.0,15743.0,0.0,0.007125139236450195
DFJ,instances/5_3.tsp,5,2,13985.0,13985.0,0.0,0.0019741058349609375
MTZ,instances/5_3.tsp,5,2,13985.0,13985.0,0.0,0.003856182098388672
Single_Commodity,instances/5_3.tsp,5,2,13985.0,13985.0,0.0,0.0029408931732177734
Multi_Commodity,instances/5_3.tsp,5,2,13985.0,13985.0,0.0,0.006654977798461914
Log_Lex,instances/5_3.tsp,5,2,13985.0,13985.0,0.0,0.005706787109375
DFJ,instances/5_4.tsp,5,2,10771.0,10771.0,0.0,0.002177000045776367
MTZ,instances/5_4.tsp,5,2,10771.0,10771.0,0.0,0.003877878189086914
Single_Commodity,instances/5_4.tsp,5,2,10771.0,10771.0,0.0,0.003445863723754883
Multi_Commodity,instances/5_4.tsp,5,2,10771.0,10771.0,0.0,0.002972126007080078
Log_Lex,instances/5_4.tsp,5,2,10771.0,10771.0,0.0,0.005433797836303711
DFJ,instances/5_5.tsp,5,2,14311.0,14311.0,0.0,0.0018050670623779297
MTZ,instances/5_5.tsp,5,2,14311.0,14311.0,0.0,0.004540920257568359
Single_Commodity,instances/5_5.tsp,5,2,14311.0,14311.0,0.0,0.0033969879150390625
Multi_Commodity,instances/5_5.tsp,5,2,14311.0,14311.0,0.0,0.0056610107421875
Log_Lex,instances/5_5.tsp,5,2,14311.0,14311.0,0.0,0.008992910385131836
DFJ,instances/10_1.tsp,10,2,17032.0,17032.0,0.0,0.07396697998046875
MTZ,instances/10_1.tsp,10,2,17032.0,17032.0,0.0,0.08070492744445801
Single_Commodity,instances/10_1.tsp,10,2,17032.0,17032.0,0.0,0.04348397254943848
Multi_Commodity,instances/10_1.tsp,10,2,17032.0,17032.0,0.0,0.05616021156311035
Log_Lex,instances/10_1.tsp,10,2,17032.0,17032.0,0.0,0.13646388053894043
DFJ,instances/10_2.tsp,10,2,21526.0,21526.0,0.0,0.022463083267211914
MTZ,instances/10_2.tsp,10,2,21526.0,21526.0,0.0,0.021214008331298828
Single_Commodity,instances/10_2.tsp,10,2,21526.0,21526.0,0.0,0.014234066009521484
Multi_Commodity,instances/10_2.tsp,10,2,21526.0,21526.0,0.0,0.03647899627685547
Log_Lex,instances/10_2.tsp,10,2,21526.0,21526.0,0.0,0.14830303192138672
DFJ,instances/10_3.tsp,10,2,16890.0,16890.0,0.0,0.02276301383972168
MTZ,instances/10_3.tsp,10,2,16890.0,16890.0,0.0,0.023823022842407227
Single_Commodity,instances/10_3.tsp,10,2,16890.0,16890.0,0.0,0.0435640811920166
Multi_Commodity,instances/10_3.tsp,10,2,16890.0,16890.0,0.0,0.0647881031036377
Log_Lex,instances/10_3.tsp,10,2,16890.0,16890.0,0.0,0.8224420547485352
DFJ,instances/10_4.tsp,10,2,20160.0,20160.0,0.0,0.02306985855102539
MTZ,instances/10_4.tsp,10,2,20160.0,20160.0,0.0,0.057975053787231445
Single_Commodity,instances/10_4.tsp,10,2,20160.0,20160.0,0.0,0.037509918212890625
Multi_Commodity,instances/10_4.tsp,10,2,20160.0,20160.0,0.0,0.03724217414855957
Log_Lex,instances/10_4.tsp,10,2,20160.0,20160.0,0.0,1.3160688877105713
DFJ,instances/10_5.tsp,10,2,14987.0,14987.0,0.0,0.036720991134643555
MTZ,instances/10_5.tsp,10,2,14987.0,14987.0,0.0,0.043977975845336914
Single_Commodity,instances/10_5.tsp,10,2,14987.0,14987.0,0.0,0.04029202461242676
Multi_Commodity,instances/10_5.tsp,10,2,14987.0,14987.0,0.0,0.05060315132141113
Log_Lex,instances/10_5.tsp,10,2,14987.0,14987.0,0.0,0.5491089820861816
DFJ,instances/15_1.tsp,15,2,15915.0,15915.0,0.0,3.5667500495910645
MTZ,instances/15_1.tsp,15,2,15915.0,15915.0,0.0,0.05338001251220703
Single_Commodity,instances/15_1.tsp,15,2,15915.0,15915.0,0.0,0.4361448287963867
Multi_Commodity,instances/15_1.tsp,15,2,15915.0,15915.0,0.0,0.22800397872924805
Log_Lex,instances/15_1.tsp,15,2,15915.0,15915.0,0.0,0.3885841369628906
DFJ,instances/15_2.tsp,15,2,20414.0,20414.0,0.0,3.7033579349517822
MTZ,instances/15_2.tsp,15,2,20414.0,20414.0,0.0,0.09872698783874512
Single_Commodity,instances/15_2.tsp,15,2,20414.0,20414.0,0.0,0.12156414985656738
Multi_Commodity,instances/15_2.tsp,15,2,20414.0,20414.0,0.0,0.23961591720581055
Log_Lex,instances/15_2.tsp,15,2,20414.0,20414.0,0.0,0.07561397552490234
DFJ,instances/15_3.tsp,15,2,19614.0,19614.0,0.0,3.324320077896118
MTZ,instances/15_3.tsp,15,2,19614.0,19614.0,0.0,0.03881096839904785
Single_Commodity,instances/15_3.tsp,15,2,19614.0,19614.0,0.0,0.27106785774230957
Multi_Commodity,instances/15_3.tsp,15,2,19614.0,19614.0,0.0,0.23313093185424805
Log_Lex,instances/15_3.tsp,15,2,19614.0,19614.0,0.0,0.08124303817749023
DFJ,instances/15_4.tsp,15,2,23154.0,23154.0,0.0,3.3353610038757324
MTZ,instances/15_4.tsp,15,2,23154.0,23154.0,0.0,0.032269954681396484
Single_Commodity,instances/15_4.tsp,15,2,23154.0,23154.0,0.0,0.18744301795959473
Multi_Commodity,instances/15_4.tsp,15,2,23154.0,23154.0,0.0,0.22012686729431152
Log_Lex,instances/15_4.tsp,15,2,23154.0,23154.0,0.0,3.2753801345825195
DFJ,instances/15_5.tsp,15,2,24936.0,24936.0,0.0,5.455121994018555
MTZ,instances/15_5.tsp,15,2,24936.0,24936.0,0.0,0.11012101173400879
Single_Commodity,instances/15_5.tsp,15,2,24936.0,24936.0,0.0,0.14288997650146484
Multi_Commodity,instances/15_5.tsp,15,2,24936.0,24936.0,0.0,0.4039461612701416
Log_Lex,instances/15_5.tsp,15,2,24936.0,24936.0,0.0,1.0862751007080078
